4294967279,125
4294967279,131
4294967279,130
4294967279,129
4294967279,128
4294967279,127
4294967279,126
4294967278,255
64,6
64,5
65,5
4294967278,14
4294967278,13
4294967278,12
4294967278,11
4294967278,10
4294967278,9
4294967278,8
4294967278,7
4294967278,6
4294967278,5
4294967278,4
4294967279,132
65,4
4294967278,343
4294967279,436
4294967278,314
4294967279,416
4294967278,313
4294967279,316
4294967278,169
4294967279,170
4294967278,168
4294967279,169
65,6
4294967278,165
4294967278,167
4294967279,168
4294967278,166
65,3
65,2
65,1
4294967278,362
4294967279,167
64,4
4294967278,309
4294967279,434
4294967278,361
4294967279,414
4294967278,341
4294967279,413
4294967278,160
4294967279,161
4294967278,159
4294967279,160
64,7
4294967279,156
4294967278,158
4294967279,159
4294967278,157
4294967279,158
64,3
64,2
64,1
4294967278,156
4294967278,155
4294967278,18
4294967278,17
4294967278,16
4294967278,15
4294967279,432
4294967278,383
4294967279,154
4294967278,153
4294967279,153
4294967278,152
4294967279,152
4294967278,151
4294967278,150
4294967278,21
4294967278,20
4294967278,19
4294967278,304
4294967278,25
4294967278,24
4294967278,23
4294967278,22
4294967279,305
4294967278,303
4294967279,148
4294967278,147
4294967279,410
4294967278,336
4294967278,36
4294967278,35
4294967278,34
4294967278,32
4294967278,297
4294967278,30
4294967278,29
4294967278,28
4294967278,27
4294967278,26
4294967278,33
4294967279,302
4294967278,298
4294967279,301
4294967278,144
4294967279,144
4294967278,31
4294967279,143
4294967278,58
4294967278,57
4294967278,56
4294967278,55
4294967278,54
4294967278,53
4294967278,52
4294967278,51
4294967278,50
4294967278,49
4294967278,48
4294967278,47
4294967278,46
4294967278,45
4294967278,44
4294967278,43
4294967278,42
4294967278,41
4294967278,40
4294967278,39
4294967278,38
4294967278,37
4294967279,79
4294967278,382
4294967294,1087
4294967279,138
4294967279,137
4294967279,297
4294967279,135
63,4
63,3
63,2
63,1
4294967279,296
4294967279,295
4294967279,294
4294967279,288
4294967279,304
4294967279,293
4294967279,268
4294967279,287
4294967279,267
4294967279,285
62,5
4294967279,266
62,4
62,3
62,2
62,1
4294967279,265
4294967279,406
4294967279,282
4294967279,261
4294967279,405
4294967279,259
4294967279,279
4294967279,280
4294967279,431
4294967278,358
4294967278,357
4294967278,333
61,6
4294967278,356
61,5
61,4
4294967278,381
61,3
61,2
61,1
4294967278,355
4294967279,448
4294967278,354
4294967278,371
4294967278,353
4294967278,253
4294967278,252
4294967278,251
4294967278,249
4294967278,243
4294967278,247
4294967278,245
4294967278,244
4294967278,241
4294967278,239
4294967278,330
4294967278,238
4294967294,1159
4294967294,176
4294967278,237
4294967279,307
4294967278,235
4294967294,396
4294967294,395
4294967294,408
4294967294,399
4294967294,178
4294967294,179
4294967294,1244
4294967294,1243
4294967294,413
4294967294,167
4294967294,119
4294967294,180
4294967294,160
4294967278,233
57,4
4294967278,231
57,3
57,2
57,1
4294967278,230
4294967294,393
4294967294,1246
4294967278,229
4294967279,75
4294967279,74
4294967279,71
4294967279,70
4294967279,67
4294967279,65
4294967279,64
4294967279,63
4294967294,1424
4294967294,1422
4294967278,228
4294967278,226
4294967278,224
4294967279,236
4294967278,222
4294967278,220
40,3
4294967278,218
4294967294,40
4294967294,38
4294967294,37
4294967278,329
4294967278,214
4294967278,216
4294967278,260
4294967279,60
4294967279,58
4294967278,350
4294967294,114
4294967279,226
4294967279,224
4294967278,380
4294967278,379
4294967278,208
4294967294,388
4294967278,327
4294967278,378
4294967279,447
4294967278,325
4294967279,55
4294967278,205
4294967278,324
4294967278,203
4294967278,348
46,1
44,1
42,1
41,6
4294967278,201
4294967279,53
4294967279,52
4294967279,51
4294967279,48
41,1
4294967279,446
4294967278,377
4294967279,445
4294967278,376
4294967278,347
4294967278,0
4294967278,368
40,4
4294967278,197
4294967279,47
4294967279,45
4294967279,42
4294967279,41
4294967279,40
4294967279,39
4294967279,36
4294967279,33
4294967279,31
4294967278,322
4294967278,321
4294967278,320
4294967279,444
4294967278,192
4294967278,191
4294967279,190
4294967278,190
56,4
56,3
56,2
56,1
4294967278,189
4294967279,188
4294967278,186
55,4
55,3
55,2
55,1
4294967278,185
4294967294,186
4294967278,365
4294967294,89
4294967278,318
4294967278,182
4294967278,319
4294967279,443
4294967279,411
4294967279,0
4294967279,30
4294967279,29
4294967279,28
4294967279,27
